2023-05-08,1.1019,1.1019,1.1053,1.1012
2023-05-09,1.0996,1.0996,1.1001,1.0944
2023-05-10,1.0965,1.0965,1.1005,1.0943
2023-05-11,1.0984,1.0984,1.0999,1.0901
2023-05-12,1.0912,1.0912,1.0935,1.0855
2023-05-15,1.0853,1.0853,1.0892,1.0848
2023-05-16,1.0873,1.0873,1.0904,1.0856
2023-05-17,1.0865,1.0865,1.0875,1.0812
2023-05-18,1.0838,1.0838,1.0850,1.0765
2023-05-19,1.0775,1.0775,1.0824,1.0761
2023-05-22,1.0823,1.0823,1.0831,1.0797
2023-05-23,1.0811,1.0811,1.0821,1.0764
2023-05-24,1.0770,1.0770,1.0799,1.0750
2023-05-25,1.0757,1.0757,1.0754,1.0710
2023-05-26,1.0724,1.0724,1.0758,1.0702
2023-05-29,1.0723,1.0723,1.0746,1.0706
2023-05-30,1.0707,1.0707,1.0746,1.0673
2023-05-31,1.0733,1.0733,1.0739,1.0651
2023-06-01,1.0695,1.0695,1.0754,1.0664
2023-06-02,1.0761,1.0761,1.0779,1.0718
2023-06-05,1.0699,1.0699,1.0723,1.0675
2023-06-06,1.0712,1.0712,1.0733,1.0667
2023-06-07,1.0698,1.0698,1.0740,1.0668
2023-06-08,1.0707,1.0707,1.0783,1.0702
2023-06-09,1.0783,1.0783,1.0787,1.0747
2023-06-12,1.0751,1.0751,1.0790,1.0734
2023-06-13,1.0763,1.0763,1.0823,1.0761
2023-06-14,1.0789,1.0789,1.0858,1.0775
2023-06-15,1.0843,1.0843,1.0939,1.0804
