2023-05-08,23559.08,27588.02,28767.54,16507.26
2023-05-09,25199.33,21342.25,14380.43,13166.50
2023-05-10,23288.36,19646.30,23844.10,26519.12
2023-05-11,16650.26,20824.06,18678.23,19595.30
2023-05-12,21008.51,24621.14,23203.51,21876.58
2023-05-15,15133.02,15864.21,19049.11,18089.49
2023-05-16,13157.05,13173.05,25895.50,20982.51
2023-05-17,22055.58,22005.13,13685.53,12660.31
2023-05-18,27014.57,26685.24,21031.20,16841.26
2023-05-19,20375.01,27663.31,24905.29,13616.50
2023-05-22,20004.30,25724.33,16597.09,16984.26
2023-05-23,27316.43,16726.40,25046.14,19715.28
2023-05-24,27308.28,15153.16,23027.03,26575.09
2023-05-25,20046.30,14195.24,28068.02,27431.28
2023-05-26,19734.42,24482.10,28170.16,25066.14
2023-05-30,14769.09,20178.28,17987.59,14969.57
2023-05-31,19299.23,17768.59,14363.38,19057.37
2023-06-01,20610.01,29441.09,26975.38,23401.03
2023-06-02,21197.49,26065.31,16755.21,27464.12
2023-06-05,21245.49,20390.28,24169.51,29030.35
2023-06-06,23029.44,20274.42,16805.21,24004.51
2023-06-07,17624.26,28110.31,28367.31,21096.49
2023-06-08,17605.11,21896.51,23241.29,16095.48
2023-06-09,19806.08,15586.28,29221.35,18730.18
2023-06-12,19494.37,28793.02,28634.16,22969.58
2023-06-13,22403.53,18911.33,20267.11,16646.50
2023-06-14,22896.10,21633.49,25998.14,29958.54
2023-06-15,28236.43,27453.53,16660.02,19729.37
2023-06-16,15030.53,23194.13,14856.50,29516.35
2023-06-20,18475.59,18500.59,16705.48,27558.24
2023-06-21,28121.57,16838.35,23143.13,29133.50
2023-06-22,20278.56,23802.32,27791.09,22767.10
2023-06-23,15144.09,22150.51,16745.50,24281.51
2023-06-26,25805.14,26339.33,23078.13,20332.42
2023-06-27,17555.40,24720.22,26908.05,29528.07
2023-06-28,13831.31,26091,15981.28,25669.29.00
2023-06-29,19597.52,19092.18,22455.53,17869.26
2023-06-30,30060.09,29119.02,25144.08,16385.16
2023-07-03,25467.55,26641.31,15336.24,20608.56
2023-07-05,15432.09,24630.51,22177.20,17930.40
2023-07-06,16485.02,14346.19,22347.51,17733.40
2023-07-07,14839.53,25655.27,22300.06,25830.29
2023-07-10,19813.37,21692.49,20527.56,28085.57
2023-07-11,27201.50,25429.55,27608.38,18981.33
2023-07-12,24575.48,29917.21,21466.15,16006.43
2023-07-13,16527.31,23643.13,27493.05,18015.54
2023-07-14,25168.36,25782.55,16071.12,30080.21
2023-07-17,29481.02,30080.35,21109.56,14300.46
2023-07-18,18378.40,25013.48,25903.10,16015.12
2023-07-19,23235.53,14683.31,23609.25,15814.24
2023-07-20,19106.59,19222.30,29641.02,24365.17
2023-07-21,17142.48,27524.50,14341.46,21523.15
2023-07-24,24579.03,28559.57,16616.31,16161.43
2023-07-25,18096.54,23470.10,29370.16,22750.51
2023-07-26,22781.51,18798.13,20013.49,29877.35
2023-07-27,16988.16,15889.12,17696.35,29500.48
2023-07-28,28033.38,25318.36,20170.49,15848.09
2023-07-31,29343.31,14671.31,29539.16,26792.00
2023-08-01,29768.48,29452.16,17808.21,24875.48
2023-08-02,26306.29,21476.15,28293.09,27406.50
